0.0
0.17965161544180583
0.0
0.0
0.0
0.0
0.0
0.0
0.0
0.0005001553971175258
0.0
0.6165006630126868
0.00033698414491656337
0.0052716135368067185
0.0
0.8956530787570252
0.0
0.006921209821656227
0.0
0.10007712332114593
0.003518415690486903
0.0
0.04841934224761628
0.0
0.0
0.0
0.0
0.004598469080477251
0.007729339714557359
0.04513546370814603
0.0
0.0
0.04250073276005484
0.80911399764274
0.0
0.0
0.34956153973629633
0.0
0.8766892394763914
0.18079575608585235
0.02850841190367248
0.8803368961526417
0.0
0.0
0.022844030635130963
0.0
0.0
0.0
0.9844834651922874
0.3105952832354184
0.0
0.30910842162035124
0.6183514030806379
0.5830232319795527
0.9946581130258814
0.0
0.00290492203827869
0.0
0.10693440614683018
0.7224265796718079
0.0
0.028701067620823473
0.0
0.8964099117113165
0.12190233173531428
0.028603111270516735
0.12526336243741198
0.0026433735259086127
0.03534530865545449
0.0
0.0012179636081905004
0.0
0.03926598308346407
0.0
0.025275212756469045
0.058022568766715334
0.0
0.00025022155820587287
0.0
0.0
0.0007479220998236752
0.03277209477905907
0.02954503674704534
0.9879875716078459
0.0
0.0
0.0014848347438809473
0.0019256300285600686
0.0
0.0
0.0
0.0
0.007544721916108443
0.02755558234039257
0.0
0.4130220114755508
0.5255534070007466
0.9962218587048824
0.6929891109466553
0.00024798890808597207
0.9806976914405823
0.9908668175444078
0.6929891109466553
0.23045268416474773
0.9734937441771878
0.3536894893901409
0.33699759170792243
0.5039362907409668
0.9621171384451801
0.9925221476171151
